各杆力为：
12号杆的力是56.285463 , -4.882709 , 0.000000 , -56.285463 , 4.882709 , -48.827092 , 
23号杆的力是4.882709 , 56.285463 , 48.827092 , -4.882709 , 63.714537 , -85.972465 , 
34号杆的力是67.429075 , 4.882709 , 48.827092 , -67.429075 , -4.882709 , 0.000000 , 
35号杆的力是-0.000000 , 3.714537 , 37.145373 , 0.000000 , -3.714537 , 0.000000 , 
56号杆的力是-3.714537 , -0.000000 , -0.000000 , 3.714537 , 0.000000 , -0.000000 , 

各结点力为：
结点1力：4.882709193691455  ,  56.2854627306923  ,  1.0658141036401503e-14
结点2力：-1.7053025658242404e-13  ,  0.0  ,  0.0
结点3力：1.1368683772161603e-13  ,  -1.4210854715202004e-14  ,  -8.526512829121202e-14
结点4力：-4.882709193691553  ,  67.4290745386153  ,  7.105427357601002e-15
结点5力：9.041725701486314e-14  ,  3.268471468843718e-15  ,  -7.695233339433116e-15
结点6力：1.0651202142497596e-15  ,  -3.714537269307586  ,  -4.73232564246473e-15

各结点位移为：
结点1位移：(0.0  ,  0.0  ,  0.0002453275633840734)
结点2位移：(0.0016156486942354785  ,  -0.0002814273136534616  ,  -0.0009753497350387901)
结点3位移：(0.0015912351482670218  ,  -0.00033714537269307677  ,  0.0006546613507885585)
结点4位移：(0.0  ,  0.0  ,  -0.0005660159476343324)
结点5位移：(0.0015912351482670222  ,  1.857268634653743e-05  ,  -0.00027397296653833704)
结点6位移：(-0.0011484945171163462  ,  0.0  ,  -0.0002739729665383368)

总刚度矩阵为：
2400.000000  ,  0.000000  ,  -12000.000000  ,  -2400.000000  ,  -0.000000  ,  -12000.000000  ,  0.000000  ,  0.000000  ,  0.000000  ,  0.000000  ,  0.000000  ,  0.000000  ,  0.000000  ,  0.000000  ,  0.000000  ,  0.000000  ,  0.000000  ,  0.000000  ,  1
0.000000  ,  200000.000000  ,  0.000000  ,  -0.000000  ,  -200000.000000  ,  0.000000  ,  0.000000  ,  0.000000  ,  0.000000  ,  0.000000  ,  0.000000  ,  0.000000  ,  0.000000  ,  0.000000  ,  0.000000  ,  0.000000  ,  0.000000  ,  0.000000  ,  2
-12000.000000  ,  0.000000  ,  80000.000000  ,  12000.000000  ,  -0.000000  ,  40000.000000  ,  0.000000  ,  0.000000  ,  0.000000  ,  0.000000  ,  0.000000  ,  0.000000  ,  0.000000  ,  0.000000  ,  0.000000  ,  0.000000  ,  0.000000  ,  0.000000  ,  3
-2400.000000  ,  -0.000000  ,  12000.000000  ,  202400.000000  ,  0.000000  ,  12000.000000  ,  -200000.000000  ,  0.000000  ,  0.000000  ,  0.000000  ,  0.000000  ,  0.000000  ,  0.000000  ,  0.000000  ,  0.000000  ,  0.000000  ,  0.000000  ,  0.000000  ,  4
-0.000000  ,  -200000.000000  ,  -0.000000  ,  0.000000  ,  202400.000000  ,  12000.000000  ,  0.000000  ,  -2400.000000  ,  12000.000000  ,  0.000000  ,  0.000000  ,  0.000000  ,  0.000000  ,  0.000000  ,  0.000000  ,  0.000000  ,  0.000000  ,  0.000000  ,  5
-12000.000000  ,  0.000000  ,  40000.000000  ,  12000.000000  ,  12000.000000  ,  160000.000000  ,  0.000000  ,  -12000.000000  ,  40000.000000  ,  0.000000  ,  0.000000  ,  0.000000  ,  0.000000  ,  0.000000  ,  0.000000  ,  0.000000  ,  0.000000  ,  0.000000  ,  6
0.000000  ,  0.000000  ,  0.000000  ,  -200000.000000  ,  0.000000  ,  0.000000  ,  402400.000000  ,  0.000000  ,  12000.000000  ,  -2400.000000  ,  -0.000000  ,  12000.000000  ,  -200000.000000  ,  0.000000  ,  0.000000  ,  0.000000  ,  0.000000  ,  0.000000  ,  7
0.000000  ,  0.000000  ,  0.000000  ,  0.000000  ,  -2400.000000  ,  -12000.000000  ,  0.000000  ,  204800.000000  ,  -0.000000  ,  -0.000000  ,  -200000.000000  ,  -0.000000  ,  0.000000  ,  -2400.000000  ,  12000.000000  ,  0.000000  ,  0.000000  ,  0.000000  ,  8
0.000000  ,  0.000000  ,  0.000000  ,  0.000000  ,  12000.000000  ,  40000.000000  ,  12000.000000  ,  -0.000000  ,  240000.000000  ,  -12000.000000  ,  0.000000  ,  40000.000000  ,  0.000000  ,  -12000.000000  ,  40000.000000  ,  0.000000  ,  0.000000  ,  0.000000  ,  9
0.000000  ,  0.000000  ,  0.000000  ,  0.000000  ,  0.000000  ,  0.000000  ,  -2400.000000  ,  -0.000000  ,  -12000.000000  ,  2400.000000  ,  0.000000  ,  -12000.000000  ,  0.000000  ,  0.000000  ,  0.000000  ,  0.000000  ,  0.000000  ,  0.000000  ,  10
0.000000  ,  0.000000  ,  0.000000  ,  0.000000  ,  0.000000  ,  0.000000  ,  -0.000000  ,  -200000.000000  ,  0.000000  ,  0.000000  ,  200000.000000  ,  0.000000  ,  0.000000  ,  0.000000  ,  0.000000  ,  0.000000  ,  0.000000  ,  0.000000  ,  11
0.000000  ,  0.000000  ,  0.000000  ,  0.000000  ,  0.000000  ,  0.000000  ,  12000.000000  ,  -0.000000  ,  40000.000000  ,  -12000.000000  ,  0.000000  ,  80000.000000  ,  0.000000  ,  0.000000  ,  0.000000  ,  0.000000  ,  0.000000  ,  0.000000  ,  12
0.000000  ,  0.000000  ,  0.000000  ,  0.000000  ,  0.000000  ,  0.000000  ,  -200000.000000  ,  0.000000  ,  0.000000  ,  0.000000  ,  0.000000  ,  0.000000  ,  202400.000000  ,  0.000000  ,  12000.000000  ,  -2400.000000  ,  -0.000000  ,  12000.000000  ,  13
0.000000  ,  0.000000  ,  0.000000  ,  0.000000  ,  0.000000  ,  0.000000  ,  0.000000  ,  -2400.000000  ,  -12000.000000  ,  0.000000  ,  0.000000  ,  0.000000  ,  0.000000  ,  202400.000000  ,  -12000.000000  ,  -0.000000  ,  -200000.000000  ,  -0.000000  ,  14
0.000000  ,  0.000000  ,  0.000000  ,  0.000000  ,  0.000000  ,  0.000000  ,  0.000000  ,  12000.000000  ,  40000.000000  ,  0.000000  ,  0.000000  ,  0.000000  ,  12000.000000  ,  -12000.000000  ,  160000.000000  ,  -12000.000000  ,  0.000000  ,  40000.000000  ,  15
0.000000  ,  0.000000  ,  0.000000  ,  0.000000  ,  0.000000  ,  0.000000  ,  0.000000  ,  0.000000  ,  0.000000  ,  0.000000  ,  0.000000  ,  0.000000  ,  -2400.000000  ,  -0.000000  ,  -12000.000000  ,  2400.000000  ,  0.000000  ,  -12000.000000  ,  16
0.000000  ,  0.000000  ,  0.000000  ,  0.000000  ,  0.000000  ,  0.000000  ,  0.000000  ,  0.000000  ,  0.000000  ,  0.000000  ,  0.000000  ,  0.000000  ,  -0.000000  ,  -200000.000000  ,  0.000000  ,  0.000000  ,  200000.000000  ,  0.000000  ,  17
0.000000  ,  0.000000  ,  0.000000  ,  0.000000  ,  0.000000  ,  0.000000  ,  0.000000  ,  0.000000  ,  0.000000  ,  0.000000  ,  0.000000  ,  0.000000  ,  12000.000000  ,  -0.000000  ,  40000.000000  ,  -12000.000000  ,  0.000000  ,  80000.000000  ,  18

单元刚度矩阵：
杆件1的单元刚度矩阵：
2400.000000  ,  0.000000  ,  -12000.000000  ,  -2400.000000  ,  -0.000000  ,  -12000.000000  ,  1
0.000000  ,  200000.000000  ,  0.000000  ,  -0.000000  ,  -200000.000000  ,  0.000000  ,  2
-12000.000000  ,  0.000000  ,  80000.000000  ,  12000.000000  ,  -0.000000  ,  40000.000000  ,  3
-2400.000000  ,  -0.000000  ,  12000.000000  ,  2400.000000  ,  0.000000  ,  12000.000000  ,  4
-0.000000  ,  -200000.000000  ,  -0.000000  ,  0.000000  ,  200000.000000  ,  -0.000000  ,  5
-12000.000000  ,  0.000000  ,  40000.000000  ,  12000.000000  ,  -0.000000  ,  80000.000000  ,  6
杆件2的单元刚度矩阵：
200000.000000  ,  0.000000  ,  0.000000  ,  -200000.000000  ,  0.000000  ,  0.000000  ,  1
0.000000  ,  2400.000000  ,  12000.000000  ,  0.000000  ,  -2400.000000  ,  12000.000000  ,  2
0.000000  ,  12000.000000  ,  80000.000000  ,  0.000000  ,  -12000.000000  ,  40000.000000  ,  3
-200000.000000  ,  0.000000  ,  0.000000  ,  200000.000000  ,  0.000000  ,  0.000000  ,  4
0.000000  ,  -2400.000000  ,  -12000.000000  ,  0.000000  ,  2400.000000  ,  -12000.000000  ,  5
0.000000  ,  12000.000000  ,  40000.000000  ,  0.000000  ,  -12000.000000  ,  80000.000000  ,  6
杆件3的单元刚度矩阵：
2400.000000  ,  0.000000  ,  12000.000000  ,  -2400.000000  ,  -0.000000  ,  12000.000000  ,  1
0.000000  ,  200000.000000  ,  -0.000000  ,  -0.000000  ,  -200000.000000  ,  -0.000000  ,  2
12000.000000  ,  -0.000000  ,  80000.000000  ,  -12000.000000  ,  0.000000  ,  40000.000000  ,  3
-2400.000000  ,  -0.000000  ,  -12000.000000  ,  2400.000000  ,  0.000000  ,  -12000.000000  ,  4
-0.000000  ,  -200000.000000  ,  0.000000  ,  0.000000  ,  200000.000000  ,  0.000000  ,  5
12000.000000  ,  -0.000000  ,  40000.000000  ,  -12000.000000  ,  0.000000  ,  80000.000000  ,  6
杆件4的单元刚度矩阵：
200000.000000  ,  0.000000  ,  0.000000  ,  -200000.000000  ,  0.000000  ,  0.000000  ,  1
0.000000  ,  2400.000000  ,  12000.000000  ,  0.000000  ,  -2400.000000  ,  12000.000000  ,  2
0.000000  ,  12000.000000  ,  80000.000000  ,  0.000000  ,  -12000.000000  ,  40000.000000  ,  3
-200000.000000  ,  0.000000  ,  0.000000  ,  200000.000000  ,  0.000000  ,  0.000000  ,  4
0.000000  ,  -2400.000000  ,  -12000.000000  ,  0.000000  ,  2400.000000  ,  -12000.000000  ,  5
0.000000  ,  12000.000000  ,  40000.000000  ,  0.000000  ,  -12000.000000  ,  80000.000000  ,  6
杆件5的单元刚度矩阵：
2400.000000  ,  0.000000  ,  12000.000000  ,  -2400.000000  ,  -0.000000  ,  12000.000000  ,  1
0.000000  ,  200000.000000  ,  -0.000000  ,  -0.000000  ,  -200000.000000  ,  -0.000000  ,  2
12000.000000  ,  -0.000000  ,  80000.000000  ,  -12000.000000  ,  0.000000  ,  40000.000000  ,  3
-2400.000000  ,  -0.000000  ,  -12000.000000  ,  2400.000000  ,  0.000000  ,  -12000.000000  ,  4
-0.000000  ,  -200000.000000  ,  0.000000  ,  0.000000  ,  200000.000000  ,  0.000000  ,  5
12000.000000  ,  -0.000000  ,  40000.000000  ,  -12000.000000  ,  0.000000  ,  80000.000000  ,  6
