9 5
1 2 0 0 3 1 0 0 0 0 0
2 3 0 323.13 3 1 0 0 0 0 0
1 4 53.13 53.13 2.5 1.04 0 0 0 0 0
4 2 306.87 306.87 2.5 1.04 0 0 0 0 0
2 5 53.13 53.13 2.5 1.04 0 0 0 0 0
5 3 306.87 270 2.5 1.04 0 0 0 0 0
4 5 0 0 3 1 0 0 0 0 0
1 5 23.9625 23.9625 sqrt(24.25) 1 0 0 0 0 0
4 3 336.0375 299.1675 sqrt(24.25) 1 0 0 0 0 0
0 0 0 n n 0
n n 0 0 -10 0
n 0 0 0 n 0
n n 0 -5 0 0
n n 0 0 0 0
0 0 0 0 0 0 0 0 0 0 0 
0 0 0 0 0 0 0 0 0 0 0 
0 0 0 0 0 0 0 0 0 0 0 
0 0 0 0 0 0 0 0 0 0 0 
0 0 0 0 0 0 0 0 0 0 0 
0 0 0 0 0 0 0 0 0 0 0 
0 0 0 0 0 0 0 0 0 0 0 
0 0 0 0 0 0 0 0 0 0 0 
0 0 0 0 0 0 0 0 0 0 0 