各杆力为：
12号杆的力是0.000000 , -5.050780 , 52.063321 , -0.000000 , 5.050780 , -102.571119 , 
23号杆的力是5.050780 , -0.000000 , 102.571119 , -5.050780 , 0.000000 , -102.571119 , 

各结点力为：
结点1力：5.0507797878976906  ,  0.0  ,  52.063321272613834
结点2力：7.105427357601002e-15  ,  0.0  ,  1.4210854715202004e-14
结点3力：-5.050779787897696  ,  2.6645352591003757e-15  ,  -102.57111915159074

各结点位移为：
结点1位移：(0.0  ,  0.0  ,  0.0)
结点2位移：(3.240673736743606e-05  ,  -5.85e-05  ,  -0.00021693050530255766)
结点3位移：(0.0  ,  -0.0006008262632563942  ,  0.0)

总刚度矩阵为：
4800.000000  ,  0.000000  ,  -24000.000000  ,  -4800.000000  ,  -0.000000  ,  -24000.000000  ,  0.000000  ,  0.000000  ,  0.000000  ,  1
0.000000  ,  400000.000000  ,  0.000000  ,  -0.000000  ,  -400000.000000  ,  0.000000  ,  0.000000  ,  0.000000  ,  0.000000  ,  2
-24000.000000  ,  0.000000  ,  160000.000000  ,  24000.000000  ,  -0.000000  ,  80000.000000  ,  0.000000  ,  0.000000  ,  0.000000  ,  3
-4800.000000  ,  -0.000000  ,  24000.000000  ,  1604800.000000  ,  0.000000  ,  24000.000000  ,  -1600000.000000  ,  0.000000  ,  0.000000  ,  4
-0.000000  ,  -400000.000000  ,  -0.000000  ,  0.000000  ,  476800.000000  ,  192000.000000  ,  0.000000  ,  -76800.000000  ,  192000.000000  ,  5
-24000.000000  ,  0.000000  ,  80000.000000  ,  24000.000000  ,  192000.000000  ,  800000.000000  ,  0.000000  ,  -192000.000000  ,  320000.000000  ,  6
0.000000  ,  0.000000  ,  0.000000  ,  -1600000.000000  ,  0.000000  ,  0.000000  ,  1600000.000000  ,  0.000000  ,  0.000000  ,  7
0.000000  ,  0.000000  ,  0.000000  ,  0.000000  ,  -76800.000000  ,  -192000.000000  ,  0.000000  ,  76800.000000  ,  -192000.000000  ,  8
0.000000  ,  0.000000  ,  0.000000  ,  0.000000  ,  192000.000000  ,  320000.000000  ,  0.000000  ,  -192000.000000  ,  640000.000000  ,  9

单元刚度矩阵：
杆件1的单元刚度矩阵：
4800.000000  ,  0.000000  ,  -24000.000000  ,  -4800.000000  ,  -0.000000  ,  -24000.000000  ,  1
0.000000  ,  400000.000000  ,  0.000000  ,  -0.000000  ,  -400000.000000  ,  0.000000  ,  2
-24000.000000  ,  0.000000  ,  160000.000000  ,  24000.000000  ,  -0.000000  ,  80000.000000  ,  3
-4800.000000  ,  -0.000000  ,  24000.000000  ,  4800.000000  ,  0.000000  ,  24000.000000  ,  4
-0.000000  ,  -400000.000000  ,  -0.000000  ,  0.000000  ,  400000.000000  ,  -0.000000  ,  5
-24000.000000  ,  0.000000  ,  80000.000000  ,  24000.000000  ,  -0.000000  ,  160000.000000  ,  6
杆件2的单元刚度矩阵：
1600000.000000  ,  0.000000  ,  0.000000  ,  -1600000.000000  ,  0.000000  ,  0.000000  ,  1
0.000000  ,  76800.000000  ,  192000.000000  ,  0.000000  ,  -76800.000000  ,  192000.000000  ,  2
0.000000  ,  192000.000000  ,  640000.000000  ,  0.000000  ,  -192000.000000  ,  320000.000000  ,  3
-1600000.000000  ,  0.000000  ,  0.000000  ,  1600000.000000  ,  0.000000  ,  0.000000  ,  4
0.000000  ,  -76800.000000  ,  -192000.000000  ,  0.000000  ,  76800.000000  ,  -192000.000000  ,  5
0.000000  ,  192000.000000  ,  320000.000000  ,  0.000000  ,  -192000.000000  ,  640000.000000  ,  6
